99543084
21506894
72426660
82522687
92931838
73769737
88506176
45475567
51896465
51196730
70206466
37935932
2587816
77704811
5700598
66936838
40116628
85118501
10459182
68866938
84081412
32502353
52126983
85808811
33206297
22859940
86037503
78918867
77800167
88952061
15003214
98059268
74835843
48775104
71652760
61122396
4299280
19807552
18958002
24841751
33502932
87570324
75106757
25700613
42004646
96589346
88601730
98544918
19003946
88340652
22592944
81829440
72050571
36217534
38511418
32720799
84741169
52261940
29426343
33873711
91031740
35132242
14330797
5102668
68899158
18608609
2106958
10747343
49228728
55523440
98302133
71176787
31914060
69737481
93834740
98287775
33576507
91195751
44940742
78447309
6648226
163338
77376831
25271502
16906614
15101001
75259108
88448121
86408408
2545024
42418203
38726467
8495730
24946176
6357338
1257551
14962802
1633203
32899698
41911937
21972477
52147686
35446217
53197988
19472846
31847297
79829238
98903515
27682621
93454313
46517990
94589564
35305754
17348341
58625361
8834458
86532085
76703629
31775778
88709140
40407309
80615398
87680295
23693325
95390762
68395558
18882376
91726087
5201977
97442689
2232349
99179586
3000490
79947710
44603162
6618180
41657657
49827945
49214348
13894805
41350934
11556000
17591606
94914201
35324334
30791991
53200485
54836970
34668285
66442414
78080310
76527846
34638601
30056713
64893237
56784494
16069970
25998931
79941906
50983174
38044348
12329915
59715177
28735220
34581960
26195184
38527247
16734933
83020041
41881237
39120614
31141940
80967095
26414701
1257551
43974339
51537705
72936766
54113373
15064295
16732469
75668760
82702557
94890130
84585152
4056463
2426263
69950552
30720028
30926444
92786632
96495351
62903708
28584036
5585110
54540272
26337554
8437201
48085860
78417936
40317301
68588295
63862081
244593
55152828
43429061
93077971
32800408
67187342
17027901
45138785
17369564
33223242
27766333
40257763
78698671
48857090
53794725
3715624
74942187
3286564
24012284
48949554
98284720
61014593
49355169
49509164
32024885
67386364
62014607
12489413
75142222
13094518
94365724
66061837
87501421
58957866
61094044
31078035
63249296
60420500
86618660
84596294
29027190
77121133
59115390
276263
14603724
42475444
7686563
